SINGLETON: 150
MEAN_DEGREE: 2.65080645161
NODES: 1240
LABELS_DIST: 
[ 0.31532258  0.08790323  0.06048387  0.04435484  0.96048387  0.20806452
  0.04758065  0.02741935  0.18951613  0.21129032  0.07258065  0.31532258
  0.04758065]
MAX_DEGREE: 27.0
EDGES: 1674
MIN_DEGREE: 0.0
DENSITY: 0.0021791767554479417
SYMMETRIC: True
DEGREES: 3287.0
FEATURES: 831
MULTI-LABEL: True
