MIN_DEGREE: 0
SYMMETRIC: False
MAX_DEGREE: 166
DEGREES: 5429
MEAN_DEGREE: 2.00480059084
LABELS_DIST: 
[ 0.12961595  0.08013294  0.15435746  0.30206795  0.15731167  0.11004431
  0.06646972]
MULTI-LABEL: False
SINGLETON: 1143
NODES: 2708
DENSITY: 0.0014399999126942077
FEATURES: 1433
EDGES: 5278
